0.000000000000000000e+00 0.000000000000000000e+00 0.000000000000000000e+00 3.042999999999999872e-02 1.774100000000000121e-01 0.000000000000000000e+00 9.678000000000000491e-02 0.000000000000000000e+00 0.000000000000000000e+00 0.000000000000000000e+00 0.000000000000000000e+00 0.000000000000000000e+00 3.252300000000000191e-01 0.000000000000000000e+00 0.000000000000000000e+00 0.000000000000000000e+00 0.000000000000000000e+00 0.000000000000000000e+00 0.000000000000000000e+00 0.000000000000000000e+00
2.378399999999999959e-01 0.000000000000000000e+00 3.544100000000000028e-01 3.161200000000000121e-01 4.317000000000000004e-02 7.712799999999999656e-01 0.000000000000000000e+00 9.457000000000000128e-02 1.910999999999999921e-01 0.000000000000000000e+00 2.530200000000000227e-01 3.909799999999999942e-01 4.358799999999999897e-01 0.000000000000000000e+00 0.000000000000000000e+00 1.413399999999999934e-01 5.628999999999999976e-02 5.166699999999999626e-01 0.000000000000000000e+00 0.000000000000000000e+00
4.318999999999999923e-02 0.000000000000000000e+00 0.000000000000000000e+00 1.141599999999999976e-01 2.329900000000000027e-01 0.000000000000000000e+00 0.000000000000000000e+00 0.000000000000000000e+00 0.000000000000000000e+00 0.000000000000000000e+00 0.000000000000000000e+00 0.000000000000000000e+00 1.673800000000000010e-01 3.731700000000000017e-01 0.000000000000000000e+00 9.718999999999999861e-02 6.451700000000000212e-01 9.504700000000000371e-01 0.000000000000000000e+00 0.000000000000000000e+00
1.948799999999999977e-01 3.040599999999999969e-01 4.923999999999999905e-02 0.000000000000000000e+00 1.385399999999999965e-01 9.926099999999999923e-01 1.775700000000000056e-01 0.000000000000000000e+00 0.000000000000000000e+00 0.000000000000000000e+00 0.000000000000000000e+00 1.220099999999999935e-01 0.000000000000000000e+00 0.000000000000000000e+00 0.000000000000000000e+00 2.286199999999999899e-01 2.812299999999999800e-01 2.425100000000000033e-01 4.810900000000000176e-01 0.000000000000000000e+00
0.000000000000000000e+00 2.470100000000000073e-01 2.156500000000000083e-01 2.912199999999999789e-01 0.000000000000000000e+00 0.000000000000000000e+00 0.000000000000000000e+00 0.000000000000000000e+00 0.000000000000000000e+00 2.264200000000000101e-01 3.465400000000000147e-01 1.098840000000000039e+00 4.198000000000000342e-02 0.000000000000000000e+00 0.000000000000000000e+00 0.000000000000000000e+00 4.385700000000000154e-01 3.424200000000000021e-01 2.680400000000000005e-01 0.000000000000000000e+00
1.823999999999999927e-02 4.012700000000000156e-01 1.276500000000000135e-01 2.271600000000000008e-01 2.044100000000000084e-01 0.000000000000000000e+00 5.381899999999999462e-01 0.000000000000000000e+00 0.000000000000000000e+00 0.000000000000000000e+00 2.544500000000000095e-01 0.000000000000000000e+00 5.979999999999999760e-01 0.000000000000000000e+00 0.000000000000000000e+00 0.000000000000000000e+00 2.731000000000000094e-02 1.890300000000000036e-01 0.000000000000000000e+00 0.000000000000000000e+00
0.000000000000000000e+00 5.433999999999999941e-02 0.000000000000000000e+00 0.000000000000000000e+00 0.000000000000000000e+00 0.000000000000000000e+00 0.000000000000000000e+00 0.000000000000000000e+00 0.000000000000000000e+00 0.000000000000000000e+00 0.000000000000000000e+00 1.124499999999999944e-01 0.000000000000000000e+00 0.000000000000000000e+00 0.000000000000000000e+00 1.516599999999999893e-01 9.053999999999999548e-02 0.000000000000000000e+00 0.000000000000000000e+00 0.000000000000000000e+00
0.000000000000000000e+00 2.603300000000000058e-01 1.712299999999999933e-01 3.265299999999999869e-01 1.726199999999999957e-01 1.677299999999999902e-01 0.000000000000000000e+00 0.000000000000000000e+00 0.000000000000000000e+00 2.585299999999999820e-01 0.000000000000000000e+00 1.620999999999999872e-02 5.947599999999999554e-01 0.000000000000000000e+00 0.000000000000000000e+00 0.000000000000000000e+00 3.417299999999999782e-01 1.514500000000000013e-01 2.515999999999999834e-02 0.000000000000000000e+00
0.000000000000000000e+00 0.000000000000000000e+00 0.000000000000000000e+00 8.269999999999999574e-02 9.281000000000000361e-02 0.000000000000000000e+00 0.000000000000000000e+00 0.000000000000000000e+00 0.000000000000000000e+00 0.000000000000000000e+00 0.000000000000000000e+00 1.335000000000000075e-02 0.000000000000000000e+00 0.000000000000000000e+00 0.000000000000000000e+00 0.000000000000000000e+00 5.961999999999999938e-02 1.118999999999999995e-01 0.000000000000000000e+00 0.000000000000000000e+00
7.709000000000000574e-02 2.205000000000000016e-01 0.000000000000000000e+00 1.575499999999999956e-01 3.780000000000000027e-02 0.000000000000000000e+00 0.000000000000000000e+00 0.000000000000000000e+00 0.000000000000000000e+00 0.000000000000000000e+00 0.000000000000000000e+00 0.000000000000000000e+00 0.000000000000000000e+00 0.000000000000000000e+00 0.000000000000000000e+00 0.000000000000000000e+00 5.332200000000000273e-01 1.673099999999999865e-01 0.000000000000000000e+00 0.000000000000000000e+00
1.157900000000000040e-01 1.746800000000000019e-01 0.000000000000000000e+00 1.086000000000000021e-01 9.957000000000000572e-02 2.698599999999999888e-01 0.000000000000000000e+00 0.000000000000000000e+00 1.107100000000000029e-01 0.000000000000000000e+00 0.000000000000000000e+00 0.000000000000000000e+00 0.000000000000000000e+00 0.000000000000000000e+00 0.000000000000000000e+00 0.000000000000000000e+00 2.291400000000000103e-01 2.863999999999999879e-01 0.000000000000000000e+00 0.000000000000000000e+00
3.975000000000000200e-01 6.096000000000000030e-02 1.040399999999999936e-01 9.270000000000000462e-02 1.842999999999999847e-02 0.000000000000000000e+00 0.000000000000000000e+00 3.218000000000000027e-02 0.000000000000000000e+00 0.000000000000000000e+00 6.622000000000000108e-02 0.000000000000000000e+00 0.000000000000000000e+00 0.000000000000000000e+00 0.000000000000000000e+00 0.000000000000000000e+00 1.854099999999999915e-01 3.075700000000000101e-01 0.000000000000000000e+00 0.000000000000000000e+00
0.000000000000000000e+00 3.119299999999999851e-01 0.000000000000000000e+00 0.000000000000000000e+00 1.905199999999999949e-01 7.733999999999999764e-01 0.000000000000000000e+00 0.000000000000000000e+00 0.000000000000000000e+00 0.000000000000000000e+00 0.000000000000000000e+00 4.235599999999999921e-01 0.000000000000000000e+00 0.000000000000000000e+00 0.000000000000000000e+00 2.802299999999999791e-01 4.402200000000000002e-01 3.547399999999999998e-01 0.000000000000000000e+00 0.000000000000000000e+00
1.913400000000000101e-01 4.728700000000000125e-01 0.000000000000000000e+00 2.658400000000000207e-01 1.457100000000000062e-01 0.000000000000000000e+00 7.218999999999999861e-01 0.000000000000000000e+00 0.000000000000000000e+00 1.125899999999999956e-01 0.000000000000000000e+00 1.524500000000000022e-01 1.229599999999999999e-01 0.000000000000000000e+00 0.000000000000000000e+00 0.000000000000000000e+00 8.254999999999999838e-02 1.063500000000000001e-01 0.000000000000000000e+00 0.000000000000000000e+00
3.626499999999999724e-01 1.980000000000000093e-01 1.010999999999999954e-01 5.018000000000000238e-02 2.786999999999999894e-02 0.000000000000000000e+00 0.000000000000000000e+00 0.000000000000000000e+00 0.000000000000000000e+00 2.440100000000000047e-01 6.186300000000000132e-01 0.000000000000000000e+00 0.000000000000000000e+00 0.000000000000000000e+00 0.000000000000000000e+00 1.551700000000000024e-01 3.046200000000000019e-01 5.062600000000000433e-01 0.000000000000000000e+00 0.000000000000000000e+00
0.000000000000000000e+00 8.193000000000000282e-02 0.000000000000000000e+00 5.333000000000000240e-02 8.015999999999999515e-02 0.000000000000000000e+00 0.000000000000000000e+00 0.000000000000000000e+00 0.000000000000000000e+00 0.000000000000000000e+00 0.000000000000000000e+00 4.268199999999999772e-01 3.266600000000000059e-01 0.000000000000000000e+00 0.000000000000000000e+00 0.000000000000000000e+00 1.563199999999999867e-01 0.000000000000000000e+00 0.000000000000000000e+00 0.000000000000000000e+00
1.765100000000000002e-01 1.956799999999999928e-01 0.000000000000000000e+00 0.000000000000000000e+00 0.000000000000000000e+00 0.000000000000000000e+00 0.000000000000000000e+00 0.000000000000000000e+00 0.000000000000000000e+00 0.000000000000000000e+00 3.200200000000000267e-01 0.000000000000000000e+00 0.000000000000000000e+00 0.000000000000000000e+00 0.000000000000000000e+00 0.000000000000000000e+00 0.000000000000000000e+00 0.000000000000000000e+00 0.000000000000000000e+00 0.000000000000000000e+00
0.000000000000000000e+00 3.215600000000000125e-01 0.000000000000000000e+00 1.806899999999999895e-01 0.000000000000000000e+00 0.000000000000000000e+00 3.197800000000000087e-01 0.000000000000000000e+00 0.000000000000000000e+00 0.000000000000000000e+00 8.859999999999999820e-02 0.000000000000000000e+00 1.648100000000000120e-01 0.000000000000000000e+00 0.000000000000000000e+00 0.000000000000000000e+00 1.394100000000000061e-01 0.000000000000000000e+00 0.000000000000000000e+00 0.000000000000000000e+00
0.000000000000000000e+00 0.000000000000000000e+00 0.000000000000000000e+00 0.000000000000000000e+00 0.000000000000000000e+00 0.000000000000000000e+00 0.000000000000000000e+00 0.000000000000000000e+00 0.000000000000000000e+00 0.000000000000000000e+00 1.616400000000000059e-01 2.752299999999999747e-01 0.000000000000000000e+00 0.000000000000000000e+00 0.000000000000000000e+00 5.244999999999999662e-02 4.936000000000000110e-02 1.068700000000000067e-01 0.000000000000000000e+00 0.000000000000000000e+00
2.161399999999999988e-01 5.094800000000000439e-01 1.698000000000000065e-01 1.543100000000000027e-01 1.587600000000000122e-01 0.000000000000000000e+00 2.011900000000000077e-01 0.000000000000000000e+00 0.000000000000000000e+00 0.000000000000000000e+00 7.835000000000000298e-02 5.046500000000000430e-01 7.462999999999999634e-01 0.000000000000000000e+00 0.000000000000000000e+00 6.482999999999999874e-02 0.000000000000000000e+00 3.126599999999999935e-01 0.000000000000000000e+00 0.000000000000000000e+00
