0.000000000000000000e+00 0.000000000000000000e+00 0.000000000000000000e+00 0.000000000000000000e+00 0.000000000000000000e+00 0.000000000000000000e+00 0.000000000000000000e+00 0.000000000000000000e+00 0.000000000000000000e+00 4.287973573425138962e-01 5.729001407639022075e-02 5.751407509865710255e-01 0.000000000000000000e+00 2.630589386600207594e-02 0.000000000000000000e+00 1.630819271027332540e-01 0.000000000000000000e+00 0.000000000000000000e+00 0.000000000000000000e+00 0.000000000000000000e+00
0.000000000000000000e+00 0.000000000000000000e+00 1.192396578899221626e-01 8.477157961050636736e-02 0.000000000000000000e+00 0.000000000000000000e+00 0.000000000000000000e+00 0.000000000000000000e+00 7.170891363693212561e-01 0.000000000000000000e+00 0.000000000000000000e+00 3.417402490450363595e-01 1.067064871521089253e-01 1.114381273048970389e+00 0.000000000000000000e+00 1.949430164640345853e-01 3.482788911271052501e-01 0.000000000000000000e+00 6.188156527930857020e-01 0.000000000000000000e+00
0.000000000000000000e+00 0.000000000000000000e+00 0.000000000000000000e+00 0.000000000000000000e+00 0.000000000000000000e+00 0.000000000000000000e+00 0.000000000000000000e+00 0.000000000000000000e+00 0.000000000000000000e+00 1.414713973400133218e-01 0.000000000000000000e+00 5.964284824998125067e-01 0.000000000000000000e+00 0.000000000000000000e+00 0.000000000000000000e+00 0.000000000000000000e+00 0.000000000000000000e+00 0.000000000000000000e+00 1.696496500513824945e-01 0.000000000000000000e+00
0.000000000000000000e+00 6.169922066874469757e-02 0.000000000000000000e+00 0.000000000000000000e+00 0.000000000000000000e+00 0.000000000000000000e+00 0.000000000000000000e+00 3.079980906708898805e-02 0.000000000000000000e+00 1.208109580564665914e-01 3.216912477060675513e-01 7.577769199691017921e-01 3.562472142574216183e-01 0.000000000000000000e+00 0.000000000000000000e+00 2.659990327137090049e-01 2.434626276995114080e-01 0.000000000000000000e+00 5.529540927321301147e-02 0.000000000000000000e+00
0.000000000000000000e+00 0.000000000000000000e+00 0.000000000000000000e+00 1.435804035656081390e-01 0.000000000000000000e+00 0.000000000000000000e+00 0.000000000000000000e+00 0.000000000000000000e+00 0.000000000000000000e+00 8.836226890617915330e-02 0.000000000000000000e+00 4.181185093203123593e-01 0.000000000000000000e+00 9.927119106025559248e-01 0.000000000000000000e+00 0.000000000000000000e+00 5.322823641561069685e-02 0.000000000000000000e+00 0.000000000000000000e+00 0.000000000000000000e+00
0.000000000000000000e+00 0.000000000000000000e+00 0.000000000000000000e+00 0.000000000000000000e+00 0.000000000000000000e+00 0.000000000000000000e+00 0.000000000000000000e+00 0.000000000000000000e+00 0.000000000000000000e+00 3.570390674266474829e-01 0.000000000000000000e+00 6.290560577832351452e-01 0.000000000000000000e+00 0.000000000000000000e+00 0.000000000000000000e+00 1.420675712035257832e-01 0.000000000000000000e+00 0.000000000000000000e+00 0.000000000000000000e+00 0.000000000000000000e+00
0.000000000000000000e+00 0.000000000000000000e+00 0.000000000000000000e+00 0.000000000000000000e+00 0.000000000000000000e+00 0.000000000000000000e+00 0.000000000000000000e+00 0.000000000000000000e+00 0.000000000000000000e+00 1.432078080608942539e-01 0.000000000000000000e+00 2.997446084248427400e-01 0.000000000000000000e+00 3.017313942298515198e-02 0.000000000000000000e+00 0.000000000000000000e+00 3.867658739516696698e-02 0.000000000000000000e+00 0.000000000000000000e+00 0.000000000000000000e+00
0.000000000000000000e+00 0.000000000000000000e+00 0.000000000000000000e+00 0.000000000000000000e+00 0.000000000000000000e+00 0.000000000000000000e+00 0.000000000000000000e+00 0.000000000000000000e+00 0.000000000000000000e+00 2.260098274453291589e-01 8.521660236424331847e-02 2.611857880975181900e-01 0.000000000000000000e+00 0.000000000000000000e+00 0.000000000000000000e+00 0.000000000000000000e+00 1.776652900035774474e-01 0.000000000000000000e+00 2.807678861859174910e-02 0.000000000000000000e+00
2.709195637711570570e-01 0.000000000000000000e+00 0.000000000000000000e+00 0.000000000000000000e+00 0.000000000000000000e+00 0.000000000000000000e+00 0.000000000000000000e+00 0.000000000000000000e+00 0.000000000000000000e+00 5.979487607572366858e-01 3.009795474714246910e-01 3.686645314338811152e-01 0.000000000000000000e+00 0.000000000000000000e+00 0.000000000000000000e+00 0.000000000000000000e+00 7.377070789345334390e-02 0.000000000000000000e+00 0.000000000000000000e+00 0.000000000000000000e+00
0.000000000000000000e+00 0.000000000000000000e+00 2.627928709007203850e-02 0.000000000000000000e+00 0.000000000000000000e+00 0.000000000000000000e+00 0.000000000000000000e+00 0.000000000000000000e+00 0.000000000000000000e+00 0.000000000000000000e+00 0.000000000000000000e+00 2.869408678557157644e-01 0.000000000000000000e+00 4.421597300450125778e-01 0.000000000000000000e+00 3.624348514341872024e-02 3.438868654445969009e-01 0.000000000000000000e+00 0.000000000000000000e+00 0.000000000000000000e+00
1.596798445663989430e-01 0.000000000000000000e+00 0.000000000000000000e+00 0.000000000000000000e+00 0.000000000000000000e+00 0.000000000000000000e+00 0.000000000000000000e+00 0.000000000000000000e+00 0.000000000000000000e+00 3.876597309298168703e-01 0.000000000000000000e+00 0.000000000000000000e+00 0.000000000000000000e+00 0.000000000000000000e+00 0.000000000000000000e+00 0.000000000000000000e+00 1.426141228969874386e-01 0.000000000000000000e+00 0.000000000000000000e+00 0.000000000000000000e+00
0.000000000000000000e+00 0.000000000000000000e+00 0.000000000000000000e+00 9.995697846301247746e-02 0.000000000000000000e+00 0.000000000000000000e+00 0.000000000000000000e+00 3.740147825650744912e-02 2.768104281925777843e-01 0.000000000000000000e+00 0.000000000000000000e+00 0.000000000000000000e+00 3.571520828789562230e-01 3.609597453836324021e-01 0.000000000000000000e+00 0.000000000000000000e+00 0.000000000000000000e+00 0.000000000000000000e+00 1.458409352208290266e-01 0.000000000000000000e+00
0.000000000000000000e+00 0.000000000000000000e+00 5.402138034518180060e-02 6.958746805165533234e-02 0.000000000000000000e+00 0.000000000000000000e+00 0.000000000000000000e+00 1.571359316548891216e-02 0.000000000000000000e+00 6.198367133307300381e-02 1.161718873567916255e-01 6.332357789453618713e-01 0.000000000000000000e+00 0.000000000000000000e+00 0.000000000000000000e+00 0.000000000000000000e+00 0.000000000000000000e+00 0.000000000000000000e+00 3.697949624530885715e-01 0.000000000000000000e+00
0.000000000000000000e+00 0.000000000000000000e+00 0.000000000000000000e+00 3.514801184090414476e-02 0.000000000000000000e+00 0.000000000000000000e+00 0.000000000000000000e+00 0.000000000000000000e+00 0.000000000000000000e+00 0.000000000000000000e+00 0.000000000000000000e+00 3.244128033601112460e-01 0.000000000000000000e+00 0.000000000000000000e+00 0.000000000000000000e+00 0.000000000000000000e+00 1.565239540585148803e-01 0.000000000000000000e+00 1.982523989781347362e-01 0.000000000000000000e+00
0.000000000000000000e+00 0.000000000000000000e+00 0.000000000000000000e+00 0.000000000000000000e+00 0.000000000000000000e+00 0.000000000000000000e+00 0.000000000000000000e+00 0.000000000000000000e+00 0.000000000000000000e+00 3.058688226795328036e-01 1.763009278708030647e-01 3.369426578041727072e-01 0.000000000000000000e+00 0.000000000000000000e+00 0.000000000000000000e+00 0.000000000000000000e+00 1.378928324433566499e-01 0.000000000000000000e+00 3.866955933334056406e-01 7.387153030747788118e-02
0.000000000000000000e+00 0.000000000000000000e+00 0.000000000000000000e+00 0.000000000000000000e+00 0.000000000000000000e+00 0.000000000000000000e+00 0.000000000000000000e+00 0.000000000000000000e+00 0.000000000000000000e+00 4.520884301743980926e-01 0.000000000000000000e+00 4.576290594908474230e-01 0.000000000000000000e+00 0.000000000000000000e+00 1.554143409440333912e-01 0.000000000000000000e+00 0.000000000000000000e+00 0.000000000000000000e+00 0.000000000000000000e+00 0.000000000000000000e+00
0.000000000000000000e+00 0.000000000000000000e+00 0.000000000000000000e+00 1.866675628190500313e-01 0.000000000000000000e+00 0.000000000000000000e+00 0.000000000000000000e+00 0.000000000000000000e+00 0.000000000000000000e+00 9.677379434759550425e-02 4.944434293684470960e-01 2.709250871012858219e-01 0.000000000000000000e+00 3.300624760735341723e-01 0.000000000000000000e+00 0.000000000000000000e+00 0.000000000000000000e+00 0.000000000000000000e+00 4.034851028509415377e-02 0.000000000000000000e+00
0.000000000000000000e+00 5.295116275418813162e-02 0.000000000000000000e+00 0.000000000000000000e+00 0.000000000000000000e+00 0.000000000000000000e+00 0.000000000000000000e+00 0.000000000000000000e+00 0.000000000000000000e+00 3.391979114752002311e-01 1.870441916775935839e-02 3.316165080919673547e-01 0.000000000000000000e+00 0.000000000000000000e+00 0.000000000000000000e+00 1.014649497430190478e-01 1.818571438532921025e-01 0.000000000000000000e+00 0.000000000000000000e+00 0.000000000000000000e+00
4.044505171373244390e-02 0.000000000000000000e+00 0.000000000000000000e+00 0.000000000000000000e+00 9.065203604531080206e-02 0.000000000000000000e+00 0.000000000000000000e+00 0.000000000000000000e+00 0.000000000000000000e+00 2.958777086919981564e-02 0.000000000000000000e+00 2.958492366963314524e-01 0.000000000000000000e+00 0.000000000000000000e+00 0.000000000000000000e+00 0.000000000000000000e+00 5.573329023569388585e-02 0.000000000000000000e+00 0.000000000000000000e+00 0.000000000000000000e+00
1.136530025985559855e-01 0.000000000000000000e+00 0.000000000000000000e+00 0.000000000000000000e+00 0.000000000000000000e+00 0.000000000000000000e+00 0.000000000000000000e+00 0.000000000000000000e+00 0.000000000000000000e+00 4.774661451667865375e-01 0.000000000000000000e+00 0.000000000000000000e+00 0.000000000000000000e+00 0.000000000000000000e+00 0.000000000000000000e+00 3.382752225116811284e-01 1.840584233886231602e-01 1.526764445203267762e-01 0.000000000000000000e+00 0.000000000000000000e+00
